-85.2939 37.1015 
-83.7072 38.6328 
-85.7226 38.2558 
-83.3429 38.5941 
-85.6648 36.8800 
-88.8899 36.8884 
-85.3716 38.4348 
-86.4108 36.9963 
-85.1779 37.2695 
-84.6143 38.8027 
-85.5310 38.1798 
-86.8329 36.9702 
-84.4962 38.0986 
-84.4361 36.6482 
-83.5508 36.7043 
-88.8552 36.5027 
-83.8428 37.6695 
-83.3737 37.5605 
-85.9841 37.7339 
-86.0226 36.9868 
-83.7017 36.6516 
-82.2122 37.4837 
-84.5406 38.9754 
-84.5677 38.9853 
-87.1089 37.6484 
-83.2138 37.4687 
-85.5274 38.2235 
-84.7012 39.0274 
-84.4624 39.1070 
-84.3631 38.9968 
-82.5294 37.2300 
-84.4062 38.9143 
-84.5676 37.1724 
-88.4877 36.6190 
-84.3026 38.5910 
-85.8612 38.0922 
-84.3358 38.0875 
-86.1773 37.9295 
-82.7355 37.6081 
-84.4355 37.9477 
-83.1175 37.5187 
-86.9030 37.3846 
-84.6039 38.1661 
-85.9538 37.8654 
-84.5622 38.0098 
-87.1582 36.7671 
-88.3326 37.0499 
-85.6213 38.2651 
-84.2589 38.7744 
-85.7361 38.2632 
-85.5811 38.3255 
-84.6325 38.9168 
-87.2254 37.0412 
-84.7058 38.9905 
-85.7046 38.2307 
-87.9641 36.9162 
-83.6446 36.7448 
-85.8159 37.6347 
-84.5261 37.9864 
-85.2872 36.7307 
-84.5909 38.9802 
-84.3117 37.6748 
-85.9429 37.8838 
-84.5086 38.0341 
-83.7714 37.7831 
-83.8506 38.1758 
-85.5802 37.7986 
-84.4362 37.9834 
-85.4125 37.8359 
-84.7062 39.0356 
-84.4062 38.0065 
-84.6778 37.1951 
-84.1258 37.5663 
-84.7077 38.9980 
-84.6602 38.9542 
-85.1104 36.8944 
-86.3332 36.8557 
-85.3976 38.4039 
-82.7296 37.6428 
-85.0609 37.0469 
-84.1993 37.7769 
-83.7653 37.8153 
-82.4903 37.4313 
-82.7049 37.4988 
-84.1125 38.4341 
-87.1370 37.7511 
-84.2785 38.0829 
-82.3922 37.3492 
-88.1894 36.9494 
-85.9234 36.5992 
-86.4998 36.9775 
-84.6467 38.9711 
-88.7483 37.0731 
-82.6319 37.5497 
-84.3727 37.5150 
-84.4464 37.5825 
-89.1277 36.5408 
-84.6832 38.9230 
-84.4632 37.9832 
-84.6371 37.1275 
-85.3223 38.5216 
-85.8429 38.1853 
-85.4245 38.3689 
-85.8416 38.2237 
-84.5922 38.9722 
-82.5532 37.4771 
-87.1100 37.6385 
-88.9243 36.6811 
-85.5760 38.1201 
-85.5541 38.3050 
-84.7795 37.3251 
-85.9240 36.9929 
-83.0667 38.4537 
-82.5313 37.4954 
-83.7334 38.4175 
-83.4992 38.1603 
-86.5129 37.8744 
-84.5788 38.6666 
-83.0647 37.3168 
-87.1564 37.1924 
-88.8782 36.5091 
-85.6615 38.1111 
-83.6101 37.4860 
-85.3491 38.7256 
-84.9238 38.5365 
-84.2957 37.5984 
-84.4908 39.0888 
-84.3970 38.0235 
-88.1602 37.4677 
-87.5271 37.4541 
-87.5082 37.6266 
-82.3503 37.4980 
-84.7072 36.8313 
-83.2862 37.1290 
-84.3196 38.9378 
-83.9467 37.3998 
-82.6676 37.5373 
-85.1030 38.4876 
-84.6278 37.0138 
-86.8535 37.4322 
-83.1083 37.1413 
-87.8787 37.9286 
-85.4591 37.8169 
-84.6967 38.9740 
-84.9680 37.1066 
-84.6963 38.0405 
-83.1157 37.1356 
-87.4462 36.6402 
-87.4781 36.7123 
-84.4772 38.0647 
-83.4834 38.4479 
-82.9756 37.9559 
-86.9831 37.1400 
-86.3156 37.1074 
-88.6364 36.7480 
-85.5868 37.2596 
-87.3831 36.6414 
-84.4827 37.9281 
-84.5523 37.9768 
-85.8926 36.9809 
-84.5792 38.1979 
-83.5328 37.6057 
-84.5347 38.2336 
-85.4376 37.8197 
-84.8241 37.7505 
-82.5617 37.5176 
-84.6874 39.0834 
-86.7959 37.9927 
-85.5890 37.2125 
-82.3410 37.4389 
-86.9142 37.0421 
-83.9780 38.6594 
-87.1869 37.2872 
-86.1921 37.0770 
-86.0033 37.0030 
-85.5940 38.1761 
-84.7713 37.6524 
-84.4428 37.2299 
-82.9831 36.9903 
-82.6507 37.6859 
-84.6282 38.8566 
-87.5307 37.6098 
-82.4307 37.4100 
-84.3183 37.5714 
-86.0855 36.9886 
-85.1648 37.2629 
-88.1381 36.7700 
-84.5737 38.0072 
-85.6038 38.2587 
-84.4493 39.0684 
-84.9061 38.6769 
-82.6309 37.5500 
-84.8515 38.2490 
-84.9607 37.5582 
-86.7606 37.9347 
-86.4967 38.0508 
-83.6987 36.6743 
-87.0507 37.7613 
-84.5699 37.2437 
-83.3111 36.8488 
-84.8864 38.6664 
-88.6607 36.8418 
-84.6447 37.9228 
-82.8860 38.5655 
-84.0115 36.8673 
-85.5927 38.1437 
-82.5079 37.5346 
-85.2800 37.5598 
-83.7218 37.3310 
-86.0628 37.0920 
-86.4796 36.9084 
-85.2696 38.6874 
-84.6109 36.9979 
-84.3790 37.6653 
-82.4416 37.4946 
-85.4874 38.1853 
-83.1659 37.6372 
-87.2595 37.1399 
-87.1017 37.7467 
-82.2525 37.7823 
-85.3988 38.1849 
-84.6143 39.0253 
-84.4170 38.0001 
-85.8195 36.9331 
-88.6656 37.0568 
-83.5379 37.4118 
-84.5377 38.0003 
-84.2730 37.6550 
-83.7155 36.5983 
-82.5504 37.5797 
-85.6636 38.1556 
-82.5747 37.5027 
-83.8593 36.6300 
-85.7013 38.2722 
-88.6737 37.0421 
-86.8841 36.8442 
-85.0592 38.2593 
-82.3766 37.6611 
-84.4949 39.0820 
-88.3253 36.5005 
-85.0341 37.0886 
-84.6828 37.8148 
-82.9436 38.3453 
-82.2607 37.3800 
-84.4899 36.8287 
-84.7068 38.0349 
-82.2483 37.6580 
-84.3036 38.9764 
-82.7364 37.1487 
-87.4510 36.6244 
-84.4463 39.0027 
-83.3429 36.9032 
-85.5068 38.2857 
-87.4967 37.4627 
-85.4638 38.2653 
-83.4345 38.1856 
-85.8514 38.1852 
-85.8748 37.7012 
-88.2218 36.9907 
-82.7533 37.3367 
-86.0145 37.1022 
-82.8521 37.2915 
-83.6629 37.1061 
-83.6980 36.6974 
-87.4611 37.5574 
-83.8357 37.1381 
-88.3498 36.8468 
-83.9599 37.8463 
-84.5320 38.9767 
-84.6291 37.2291 
-82.2629 37.4278 
-82.3360 37.4936 
-82.3772 37.6671 
-86.4610 36.6820 
-84.5886 37.9040 
-84.5850 38.4867 
-83.0550 37.0709 
-86.5442 37.6351 
-84.5918 37.9094 
-82.8871 37.4795 
-82.5956 36.9685 
-87.3843 37.5907 
-88.6433 37.0711 
-83.8612 37.4117 
-85.7348 38.2746 
-85.7298 38.2280 
-85.9408 37.8862 
-85.6341 38.2393 
-82.7834 37.6710 
-84.2162 36.7105 
-85.7624 38.2185 
-82.9188 38.5508 
-87.5125 37.2740 
-83.4674 37.5395 
-85.5275 38.0933 
-84.4051 38.0093 
-84.5874 38.4955 
-82.3637 37.7974 
-85.4623 38.2356 
-84.5208 38.1641 
-82.5587 37.4722 
-85.3364 37.5986 
-84.5135 38.9644 
-82.7298 37.8386 
-85.6213 38.1374 
-83.0576 36.9261 
-82.2537 37.3776 
-88.3234 36.5311 
-85.6843 38.2547 
-83.7588 37.1522 
-87.5429 37.7929 
-85.4828 38.1579 
-82.2160 37.5071 
-84.5827 38.5966 
-85.4749 38.0598 
-83.8327 37.8274 
-87.8907 36.8692 
-82.8182 38.3183 
-85.7076 37.9913 
-86.7008 37.2028 
-84.8747 39.0426 
-83.6542 36.8590 
-84.5964 37.9103 
-87.5322 37.1771 
-84.3732 38.9567 
-85.1670 38.1448 
-83.4622 37.9932 
-84.6886 37.8868 
-84.9660 38.3205 
-83.2057 37.0460 
-84.9572 37.8290 
-83.3712 37.2477 
-84.4829 39.1026 
-86.8510 36.6618 
-84.5922 39.0559 
-83.4242 38.4767 
-86.3076 37.0087 
-83.2979 37.3102 
-83.9722 38.3351 
-85.8775 37.7147 
-84.5100 38.9535 
-85.7460 38.2588 
-82.1582 37.5315 
-85.5949 38.3753 
-82.3306 37.7405 
-84.3170 37.6255 
-85.9615 37.8470 
-84.3364 37.1135 
-84.4210 37.1349 
-82.9178 37.9005 
-86.4893 36.9815 
-82.5881 37.5057 
-82.8401 37.9018 
-88.5426 36.5142 
-83.1833 38.3118 
-84.4106 37.7132 
-86.8220 37.1059 
-84.1163 38.5703 
-84.9430 38.0153 
-84.4843 39.0900 
-88.7913 36.7994 
-86.9383 37.1176 
-85.5397 38.2897 
-84.5592 37.9211 
-83.6449 37.0756 
-84.5918 37.9754 
-84.4356 39.0532 
-85.8121 36.9304 
-84.3506 38.9149 
-88.1952 36.7989 
-85.8761 38.0913 
-83.6721 36.8219 
-88.3960 36.8817 
-83.3270 38.3275 
-82.3499 37.3039 
-85.6908 37.4408 
-82.4243 37.5715 
-84.2614 38.2543 
-82.6343 37.5577 
-85.7755 38.1278 
-82.6971 37.1496 
-84.4735 39.0823 
-83.7509 38.4597 
-84.5136 38.0386 
-82.8626 37.8342 
-85.5409 38.2658 
-83.1200 37.7355 
-88.1350 37.1433 
-84.0715 38.0191 
-84.2547 37.7846 
-82.7993 37.7605 
-85.8110 38.2089 
-83.6315 38.2196 
-82.5453 37.3083 
-87.4944 36.6805 
-84.5383 37.9244 
-85.8172 37.6526 
-86.4578 36.9165 
-82.7612 37.7778 
-84.6115 39.0063 
-85.6196 38.2539 
-86.4702 36.9171 
-88.6037 37.0857 
-84.3783 38.2208 
-83.3276 36.8407 
-88.5763 36.7438 
-84.3150 37.6908 
-82.3567 37.6352 
-85.6554 38.2197 
-84.8517 36.8254 
-83.0686 38.0651 
-88.3448 37.4258 
-84.6029 39.0236 
-85.5776 38.2482 
-84.1445 36.6412 
-84.6487 37.9259 
-85.3189 38.5852 
-85.5904 38.1418 
-84.5499 38.0419 
-85.9566 36.7810 
-85.8182 37.0005 
-82.7206 37.8591 
-82.8789 37.4568 
-84.5918 38.5762 
-85.2281 38.3563 
-85.6848 38.1159 
-82.3480 37.3006 
-82.5371 37.5313 
-83.9154 38.3907 
-87.5038 36.8253 
-87.3945 36.6654 
-82.2769 37.5958 
-83.6966 36.6087 
-84.5394 37.1147 
-85.1506 37.0241 
-85.9161 36.9939 
-85.9399 36.8339 
-85.7340 38.2528 
-82.1648 37.5411 
-84.6312 37.8969 
-84.4371 37.8600 
-84.5117 39.0799 
-85.5893 37.2235 
-84.4662 37.9621 
-84.6626 37.9014 
-83.8526 37.1482 
-84.7593 38.5560 
-83.6914 38.4725 
-87.0237 37.1489 
-85.4417 37.8060 
-84.6033 38.7520 
-83.7573 37.7394 
-85.6835 37.9776 
-83.1322 37.3470 
-82.1155 37.5105 
-85.7543 38.2181 
-84.2833 37.9263 
-84.9217 38.5896 
-85.1905 38.6804 
-85.4935 38.1701 
-87.4959 37.6105 
-82.7895 38.4263 
-84.4533 39.1060 
-83.7733 36.5837 
-83.5170 36.7902 
-84.4750 38.0451 
-84.5462 38.9281 
-82.6606 38.4381 
-85.8460 37.6788 
-83.1346 37.1879 
-82.9502 37.4539 
-84.6421 36.7217 
-84.0621 38.3773 
-85.3093 38.2010 
-84.5181 38.2574 
-83.6968 36.6285 
-84.2487 36.8611 
-82.8729 37.9179 
-83.3246 36.8438 
-86.3493 38.0817 
-84.3027 38.9758 
-83.6734 38.5677 
-84.2933 38.3977 
-84.5335 38.0027 
-87.4495 37.2339 
-86.5033 37.4620 
-84.8792 38.6667 
-87.1623 37.4295 
-83.1359 38.1023 
-85.1961 38.1679 
-88.3051 37.4459 
-85.3062 38.5931 
-88.1836 36.6290 
-84.4738 39.0732 
-82.1684 37.6174 
-87.4788 36.8651 
-82.6869 38.4096 
-85.3049 37.8786 
-84.7894 38.2051 
-85.6774 38.1981 
-83.2696 36.9644 
-83.3134 37.2787 
-86.7477 37.9012 
-83.8251 36.7122 
-84.3965 36.6624 
-83.2514 37.3916 
-84.6538 38.9960 
-88.1158 37.0182 
-84.5125 38.0231 
-83.8882 37.2990 
-87.3551 36.8503 
-87.4692 37.2351 
-83.2714 37.3444 
-84.5171 38.9747 
-84.2098 37.5438 
-85.6183 38.2488 
-85.0422 37.0543 
-82.6828 37.5144 
-83.9974 37.4308 
-84.3680 37.4224 
-82.6571 38.3818 
-88.6879 37.0973 
-83.8976 38.7440 
-84.5923 37.9958 
-83.4962 37.5464 
-85.9360 37.8026 
-85.6251 38.3165 
-87.4896 36.8645 
-84.6086 36.9504 
-85.4923 37.8111 
-85.2787 37.5253 
-83.1695 36.8809 
-85.6039 38.3050 
-82.9947 37.7619 
-86.3505 37.5836 
-84.5829 38.8724 
-85.2814 38.4469 
-85.8338 37.6743 
-82.9821 37.3592 
-82.4578 37.7911 
-83.6762 37.7968 
-83.2137 37.1763 
-85.7808 38.2715 
-83.9122 37.8030 
-83.7288 37.2100 
-82.9160 37.5477 
-83.7006 36.7615 
-86.3058 37.4701 
-85.2598 37.6938 
-85.9499 37.1415 
-84.5547 37.0315 
-84.7361 39.0365 
-84.6296 39.0199 
-87.5489 37.1752 
-82.8181 38.3182 
-83.7109 36.5997 
-82.1670 37.6165 
-86.9724 36.7133 
-82.6441 37.5612 
-82.2398 37.4899 
-87.0776 37.7541 
-85.3154 38.5192 
-84.7901 39.0876 
-88.3084 36.7649 
-84.5839 37.7476 
-85.9286 37.8154 
-88.6335 37.0834 
-83.2639 37.3142 
-85.4480 38.3823 
-82.7037 38.4440 
-85.8052 38.2596 
-87.5214 37.4218 
-84.6140 37.0966 
-85.2738 38.3813 
-84.3472 38.2610 
-84.5751 39.0261 
-84.5726 38.9882 
-84.4442 39.0593 
-84.6289 38.9085 
-83.4871 38.2412 
-83.6930 37.0386 
-82.2706 37.5842 
-83.2070 37.2684 
-83.2203 38.3000 
-84.7002 39.1090 
-86.3069 37.0158 
-83.8690 37.7012 
-83.1870 37.2434 
-84.6269 37.9595 
-85.8162 38.1877 
-84.5526 39.0453 
-88.3509 36.8649 
-84.5848 38.4906 
-84.0751 37.1340 
-84.4891 37.9988 
-82.1854 37.4502 
-87.9668 36.9029 
-84.5155 36.9243 
-82.8473 37.2610 
-84.4969 39.0446 
-87.8301 37.5235 
-84.2434 36.7500 
-84.6061 38.2159 
-84.8747 37.9182 
-84.3376 38.0304 
-84.7897 37.5787 
-84.6399 36.7360 
-87.4657 36.8412 
-85.0987 38.6889 
-84.5816 38.9807 
-85.7552 38.2147 
-86.6714 37.8950 
-87.4683 36.8749 
-83.7725 37.3700 
-85.5935 38.1431 
-84.4754 37.9334 
-88.0741 37.1045 
-83.8011 37.4678 
-84.7511 38.9435 
-84.5670 38.2402 
-84.4822 39.0229 
-83.7836 37.4958 
-83.0654 37.7484 
-85.7392 38.1938 
-84.6545 38.9490 
-84.6493 38.2151 
-85.2433 38.6925 
-84.8674 39.0940 
-84.2848 37.7744 
-86.1385 37.9116 
-87.6266 37.2542 
-82.7970 37.8058 
-82.7885 37.3597 
-84.5872 38.6521 
-84.6688 38.9896 
-83.8136 37.7673 
-84.9495 38.1626 
-85.0194 37.8847 
-86.7054 37.9205 
-84.6401 37.8308 
-87.8274 37.2789 
-87.9442 37.6291 
-82.1645 37.5008 
-84.5903 38.6838 
-82.8419 37.2756 
-87.4702 36.8717 
-86.9313 36.9137 
-84.6824 39.0180 
-86.3396 36.8454 
-87.3748 37.6371 
-84.7745 39.0769 
-84.4248 38.0252 
-84.1644 38.3411 
-83.7534 38.5787 
-87.7255 37.3457 
-84.3872 38.9574 
-85.7022 38.1689 
-82.6223 37.2016 
-85.4896 37.1187 
-86.5285 37.9423 
-84.4660 39.1067 
-85.5827 38.1265 
-84.5116 37.9410 
-83.9746 38.2882 
-82.3525 37.5139 
-82.7613 37.8455 
-87.7149 37.1875 
-85.9419 37.8777 
-84.9439 37.6516 
-84.5605 38.0033 
-84.1026 37.5483 
-84.5473 38.0937 
-84.9550 37.5663 
-85.7285 37.8361 
-84.5550 38.9326 
-84.2809 37.8741 
-84.6146 38.6111 
-83.7365 36.6057 
-84.9651 38.6158 
-84.3919 38.9208 
-85.0257 37.8820 
-83.8243 37.8409 
-83.2201 37.5169 
-82.2537 37.4945 
-85.5355 37.3768 
-84.5757 39.0514 
-85.3152 38.5192 
-82.3592 37.2966 
-83.6028 36.7404 
-86.3494 36.8649 
-83.1663 37.2052 
-84.2850 37.9288 
-83.5778 38.2998 
-84.1222 38.7697 
-87.1646 36.6470 
-84.5390 39.0844 
-84.2001 37.7723 
-83.0258 38.1363 
-84.6869 38.9525 
-84.9194 38.5345 
-85.5631 38.2742 
-82.9130 38.5645 
-86.4507 36.9360 
-87.9344 36.9399 
-85.5483 38.1893 
-87.4879 37.3417 
-84.4571 39.0369 
-82.3510 37.3065 
-85.8775 38.1241 
-84.5363 38.2011 
-85.3928 38.0977 
-84.6552 39.0888 
-84.5380 38.9674 
-84.6606 37.2782 
-84.5354 36.9684 
-85.2023 38.1907 
-84.6405 37.8550 
-86.1917 37.8400 
-83.2683 37.0749 
-82.8335 37.7412 
-82.7726 37.8055 
-83.1852 38.2231 
-84.8430 37.7623 
-82.5257 37.3878 
-82.8847 38.5643 
-82.7802 37.9051 
-82.6176 37.5284 
-86.5328 36.9194 
-83.9565 38.3626 
-83.9015 38.7263 
-88.2667 37.0362 
-87.8520 36.9576 
-85.7583 38.2165 
-85.6263 38.1961 
-85.6176 38.3747 
-83.1254 36.9606 
-84.9774 37.0428 
-84.6004 38.1716 
-83.9533 38.1711 
-84.4346 37.8688 
-86.9820 37.2598 
-86.4145 37.0471 
-82.8110 38.4367 
-82.9482 38.3480 
-84.2463 37.4913 
-84.9589 37.6689 
-87.1520 37.1998 
-84.0098 37.6984 
-83.2193 37.2172 
-84.5207 39.0813 
-85.5313 37.8109 
-87.4640 36.8501 
-83.9663 37.8695 
-89.2384 36.5254 
-84.6732 38.9576 
-82.3292 37.7638 
-84.3294 37.1752 
-83.8491 38.7347 
-84.1321 36.6759 
-85.7926 38.2599 
-84.4707 38.0619 
-85.7829 38.2262 
-84.4685 38.9412 
-84.3635 38.9956 
-85.3155 38.5954 
-84.0885 37.8887 
-85.6062 38.1485 
-83.8432 37.9346 
-86.4610 36.9796 
-84.5511 39.0565 
-84.8443 38.1187 
-85.0216 37.8837 
-87.4401 37.7193 
-87.4617 37.0504 
-83.1333 37.1840 
-84.4453 39.0681 
-84.8746 38.1833 
