-85.1203 37.9314 
-87.2422 37.1414 
-82.6417 37.5188 
-88.3494 36.9926 
-88.3187 37.3642 
-84.3291 37.6874 
-82.5240 37.4758 
-82.6934 37.2628 
-85.0540 37.8833 
-83.2252 37.1519 
-85.7127 36.8797 
-85.2750 37.5263 
-84.1653 36.7297 
-82.5519 37.5543 
-84.5849 36.9975 
-83.9028 37.8696 
-82.7647 37.5632 
-82.6964 37.2664 
-82.6293 38.4658 
-82.9024 37.1711 
-84.3154 37.6726 
-85.6694 38.0652 
-84.6444 37.2770 
-85.1272 38.6995 
-84.3676 38.9787 
-84.6767 37.0539 
-84.5782 37.1671 
-84.1444 37.9078 
-83.0496 37.4700 
-87.4726 36.6404 
-84.3264 38.9410 
-83.8099 36.9608 
-88.0697 36.8171 
-84.5408 37.9573 
-83.1320 37.4598 
-83.8789 37.3809 
-85.6774 37.9389 
-85.3685 38.1668 
-85.8617 37.0160 
-87.9449 36.7490 
-84.2101 37.5269 
-83.6743 37.7801 
-82.8144 37.7556 
-82.9226 37.7889 
-87.7221 37.3258 
-84.2090 38.0102 
-84.2178 37.9265 
-85.3850 37.8386 
-84.2839 36.7860 
-82.7557 37.5723 
-84.2071 37.8939 
-85.6653 38.1565 
-85.8062 37.3212 
-84.4752 39.0927 
-85.2517 37.5519 
-83.0651 37.5018 
-88.0668 36.7790 
-84.1623 37.4215 
-82.4078 37.5494 
-85.7865 38.1283 
-88.6950 37.0625 
-85.2309 38.5854 
-85.7542 38.2157 
-83.8981 37.4275 
-84.7364 38.2668 
-84.7272 39.0135 
-82.4246 37.2683 
-82.6296 37.5539 
-88.0432 36.8719 
-86.5750 36.7218 
-84.1430 38.7633 
-82.7413 37.7618 
-82.8595 37.1824 
-84.6898 37.3739 
-89.1871 37.0161 
-84.6637 38.9297 
-82.4737 37.3154 
-84.0398 38.1449 
-87.1481 37.4444 
-84.3143 37.5728 
-84.2933 38.3987 
-83.1960 37.1266 
-85.8088 36.9161 
-82.6794 37.2769 
-85.8414 38.1272 
-82.5601 37.8988 
-87.0581 37.7580 
-85.3681 38.0258 
-84.6663 39.0079 
-83.8450 38.7473 
-84.5583 38.0854 
-83.3582 37.0030 
-84.5227 37.0430 
-84.4449 39.0148 
-82.3252 37.7488 
-84.6116 36.9474 
-85.1343 36.6902 
-85.4866 38.3495 
-84.4363 37.8516 
-84.7043 38.9661 
-84.5621 39.0195 
-83.0119 36.9583 
-85.7577 38.2500 
-85.8643 37.0192 
-86.4631 36.9952 
-85.7181 38.1911 
-84.5228 39.0883 
-84.2004 37.7849 
-85.8655 38.1501 
-83.9909 37.1656 
-84.4951 39.0801 
-83.3012 37.3002 
-83.7545 38.4692 
-83.2076 38.4415 
-82.7919 37.7979 
-84.0483 38.0568 
-82.4938 37.4319 
-84.3887 38.5877 
-85.6431 38.1510 
-84.6191 37.2501 
-88.7479 37.0733 
-84.4989 38.0953 
-83.6054 38.3904 
-88.7965 36.7981 
-87.5035 37.4181 
-84.9820 37.1636 
-84.9046 38.7801 
-88.5984 37.0168 
-84.5565 38.1857 
-83.4585 37.1292 
-84.2585 37.7624 
-82.9134 38.5645 
-84.8095 36.7813 
-85.9107 36.9894 
-85.8770 37.6992 
-82.5247 37.4873 
-84.6250 37.9059 
-82.7387 37.4546 
-85.5327 37.2339 
-85.3818 38.7372 
-83.5647 38.1815 
-85.5785 38.2288 
-84.2572 38.7761 
-85.8089 37.0082 
-83.8562 38.6572 
-84.8906 37.4676 
-84.4961 38.0723 
-87.3542 37.3572 
-86.6569 36.6896 
-83.9827 37.7912 
-86.3372 37.7344 
-83.9559 37.3165 
-82.8070 37.8912 
-87.5348 37.8734 
-83.1329 37.3468 
-85.2238 38.2275 
-83.9738 36.8474 
-84.5363 37.9568 
-85.6209 38.2491 
-85.9346 37.8808 
-84.5046 39.0712 
-85.4121 38.2332 
-83.0674 37.9791 
-87.5662 37.8316 
-84.8915 37.9936 
-85.9718 37.7453 
-83.9862 38.6310 
-85.7636 38.2585 
-83.7814 38.2948 
-83.8636 37.3926 
-82.8350 38.4717 
-84.9894 37.9296 
-86.2617 36.8992 
-85.7498 38.2461 
-85.7665 37.0236 
-85.8536 38.0978 
-82.9457 38.3721 
-84.7538 38.8003 
-85.4058 37.4637 
-85.7141 38.2453 
-83.0653 37.3714 
-84.5340 39.0799 
-87.5892 37.9605 
-84.7242 39.0095 
-84.6077 38.7853 
-84.6708 38.9623 
-84.7592 37.0292 
-84.5274 38.2270 
-89.0299 37.0620 
-83.3287 38.3260 
-85.1236 38.6493 
-84.5498 39.0928 
-85.7004 37.9396 
-84.2692 37.3737 
-86.2085 37.0520 
-87.7285 37.0544 
-83.4139 37.3233 
-87.7586 36.9788 
-88.6284 37.0691 
-84.4362 37.9834 
-87.5827 37.8324 
-84.2435 36.8101 
-82.2672 37.6458 
-83.2121 38.0710 
-84.3290 36.8091 
-85.9608 36.9737 
-85.4798 38.2953 
-85.1652 37.3104 
-83.0822 36.9149 
-83.0074 37.4361 
-83.9718 38.4646 
-87.9906 37.7382 
-84.6291 37.8983 
-85.9357 37.8367 
-83.4053 37.3387 
-83.9315 37.8660 
-85.7651 38.2554 
-88.7282 37.0092 
-83.6042 38.6040 
-87.6346 37.2132 
-82.5870 37.3287 
-84.7863 38.6231 
-88.7291 37.1522 
-85.0437 37.0531 
-82.9547 37.8274 
-84.5663 37.0579 
-85.7399 38.1879 
-83.6948 37.2921 
-82.2585 37.6394 
-85.5924 38.1431 
-84.4773 39.1017 
-83.6880 36.7648 
-85.9444 37.9139 
-84.4402 39.0085 
-88.9004 36.5095 
-83.9833 37.7909 
-87.4897 36.8652 
-84.6305 37.1496 
-83.6674 38.2782 
-82.7165 37.2076 
-85.5947 38.2478 
-87.0713 37.7445 
-87.5782 37.8824 
-86.4289 36.9836 
-82.9651 37.0404 
-85.1626 38.6467 
-84.2900 37.6903 
-84.4408 39.1131 
-83.0881 37.2279 
-85.6834 38.0520 
-88.7595 36.8335 
-87.6148 37.1446 
-84.3087 37.5211 
-83.6357 37.0491 
-85.0827 36.7485 
-84.5552 37.9867 
-84.3360 36.9786 
-83.2666 37.5268 
-85.7900 38.2711 
-85.6160 38.3705 
-84.3316 37.7420 
-83.1489 37.6955 
-82.3376 37.3235 
-84.6793 38.9532 
-83.6892 37.7825 
-84.8618 38.9302 
-85.0446 38.6274 
-84.5049 39.0481 
-84.7456 39.1025 
-85.6453 38.2239 
-85.5692 38.1432 
-87.4865 37.7912 
-84.2762 37.7381 
-85.0813 37.0246 
-84.4989 38.0481 
-85.6672 38.0720 
-84.6143 39.0464 
-83.4888 38.1781 
-84.9050 38.0220 
-84.7188 37.7916 
-88.7226 37.1561 
-85.5866 37.2317 
-89.1259 37.0335 
-83.7931 37.3699 
-84.5938 39.0487 
-87.1169 37.7190 
-82.5179 37.4442 
-82.8869 37.9333 
-85.5873 37.2595 
-85.8463 37.7068 
-88.3052 36.6218 
-84.7092 38.0347 
-87.5293 37.9769 
-85.2711 37.7030 
-84.5416 38.1581 
-86.0431 37.8164 
-85.3190 38.5826 
-84.5495 37.9723 
-84.5941 37.3739 
-84.6751 37.0270 
-85.9106 37.8149 
-85.8682 38.1414 
-84.2655 38.9185 
-84.1216 36.5901 
-84.5687 37.0107 
-85.8456 37.6302 
-83.9015 37.4056 
-82.5718 37.5039 
-88.3318 36.6194 
-85.7639 38.2048 
-88.4925 36.7872 
-83.9431 38.1746 
-85.5925 37.2112 
-85.8969 37.6017 
-83.2350 37.3144 
-85.0155 37.0838 
-82.7778 37.1250 
-84.2722 37.5318 
-82.6709 37.4758 
-86.7329 36.6738 
-84.5686 39.0101 
-84.1006 37.3911 
-82.2362 37.4579 
-85.2696 38.5491 
-83.6617 38.2779 
-84.5445 39.0281 
-82.9650 37.9393 
-84.7064 39.0340 
-82.7821 37.7879 
-89.1660 36.7636 
-85.3512 38.6335 
-83.5231 37.3235 
-84.4844 39.0647 
-85.7530 38.2158 
-84.8319 38.5292 
-82.3503 37.7177 
-86.8084 37.9163 
-84.0962 38.4453 
-87.5707 37.1522 
-82.9582 37.9875 
-85.4958 37.7768 
-83.9605 37.8733 
-82.9225 37.7456 
-84.4674 39.0233 
-84.7670 38.9973 
-83.1376 38.3997 
-84.7485 37.0473 
-84.4633 36.7369 
-83.3541 37.3468 
-83.7019 36.6527 
-83.9815 37.5714 
-83.9145 37.8562 
-85.5755 38.2684 
-84.1767 38.5578 
-83.3362 37.1847 
-84.8239 37.7504 
-84.1807 37.7577 
-83.6621 37.7186 
-82.2712 37.5869 
-85.8051 37.1384 
-83.9274 36.5742 
-87.9702 36.9599 
-88.0720 36.7510 
-84.6410 37.1253 
-83.2660 37.0657 
-84.5868 38.9458 
-85.5649 37.8990 
-85.3441 38.6461 
-84.4933 39.0847 
-84.6526 38.9976 
-89.1813 36.5577 
-85.2037 38.1726 
-82.5354 37.4614 
-82.4594 37.4357 
-84.6108 37.0760 
-83.4895 38.1779 
-88.7475 37.1679 
-88.1572 37.0519 
-85.8880 37.1842 
-85.4608 37.8073 
-84.6484 36.7152 
-84.5285 37.1592 
-85.9369 37.9111 
-88.2648 37.0172 
-85.2923 37.2847 
-84.2090 36.7086 
-84.2854 37.7472 
-84.5490 37.7947 
-87.5256 37.6073 
-84.5878 38.6493 
-84.5881 39.0519 
-87.2412 36.8069 
-87.9897 37.7377 
-85.9766 37.8952 
-84.7020 37.0021 
-88.8806 36.5979 
-86.5865 36.7419 
-83.8536 37.3846 
-85.3724 36.6485 
-83.2061 37.3192 
-85.5552 38.3082 
-82.6886 37.8671 
-84.9719 37.1069 
-87.0938 37.7417 
-84.5720 38.0261 
-88.6259 37.0833 
-88.3432 36.9255 
-85.6971 37.9208 
-83.4720 37.5361 
-85.9499 37.9352 
-82.1613 37.5390 
-84.8718 38.6616 
-85.9168 37.1342 
-88.2038 36.6237 
-87.1931 37.2481 
-83.6695 36.5991 
-85.5420 38.1847 
-82.6323 37.5552 
-82.7342 38.5358 
-88.0004 36.7374 
-82.6017 37.1893 
-85.1251 37.0784 
-84.9267 38.6060 
-83.9684 37.5728 
-87.8983 37.1215 
-85.6107 38.1584 
-82.1802 37.5022 
-84.6073 37.0010 
-85.3784 38.5388 
-85.7591 38.2177 
-85.4430 38.2378 
-84.4436 37.5833 
-87.6582 37.1678 
-83.8266 37.7772 
-85.8655 38.1297 
-84.3665 37.7963 
-84.8696 38.1931 
-85.5716 38.1156 
-82.3198 37.3648 
-87.5468 37.1760 
-84.4861 37.2416 
-85.7615 38.2291 
-85.8357 37.0887 
-87.9926 36.6972 
-85.2736 37.5061 
-82.2416 37.5634 
-83.2767 37.3679 
-83.1164 37.7359 
-86.4476 36.9199 
-84.7236 39.0702 
-85.5585 38.2294 
-85.5528 38.2420 
-86.4450 36.9110 
-86.2306 37.7783 
-85.1146 38.2898 
-85.4890 38.2406 
-88.2189 36.9858 
-88.5959 37.0783 
-88.1600 37.4684 
-85.6631 38.1967 
-85.6497 38.2593 
-84.4456 38.2785 
-84.8947 38.6710 
-84.8515 36.8883 
-83.1010 37.3346 
-83.1689 38.2722 
-82.7298 37.8488 
-84.1211 38.4996 
-84.2889 37.7388 
-87.4715 36.8617 
-83.3115 38.2673 
-87.4730 37.4060 
-86.9770 37.2569 
-87.1242 37.7224 
-83.6442 38.5213 
-84.4955 38.0985 
-88.7262 37.1512 
-84.6201 39.0267 
-85.1031 36.8900 
-85.1448 38.0071 
-88.9637 36.9432 
-84.5195 38.0361 
-84.6051 38.7748 
-87.8037 37.4300 
-84.3162 38.3922 
-85.6757 38.0301 
-87.1633 36.9135 
-84.2789 36.8009 
-83.9669 38.3387 
-82.2226 37.4864 
-84.4560 37.9684 
-88.8535 36.8231 
-83.3931 36.9562 
-84.6658 37.1019 
-85.7697 38.2507 
-84.6078 38.8768 
-84.6706 38.9900 
-82.8036 37.7761 
-85.0431 36.9585 
-85.1827 37.9558 
-88.3415 36.8573 
-84.5441 38.9313 
-84.7856 39.0944 
-84.5695 38.0093 
-84.4454 39.0713 
-83.7780 38.3928 
-82.7524 37.8734 
-84.6890 38.9914 
-83.1963 38.0926 
-83.7327 38.4230 
-84.2279 36.6998 
-84.5097 38.0382 
-84.5038 39.0778 
-84.8466 37.2643 
-84.9554 37.5662 
-85.0095 38.2223 
-84.9597 38.2293 
-85.7588 38.2149 
-82.0624 37.4996 
-85.7593 38.2140 
-87.1337 37.3639 
-85.8940 37.7392 
-84.7227 39.0184 
-84.0936 37.8892 
-83.9485 36.6283 
-85.9074 37.0178 
-82.9798 38.1428 
-87.5086 36.7406 
-82.8971 37.7977 
-82.1435 37.5666 
-83.1055 37.7626 
-85.9231 36.8083 
-85.4909 37.8114 
-88.3058 36.9018 
-88.8064 36.7545 
-83.2162 37.5183 
-86.2044 36.9342 
-83.1826 37.0326 
-84.3638 38.9762 
-83.7883 36.7103 
-85.9066 37.1476 
-83.8314 36.7276 
-84.7664 38.7567 
-83.9924 36.9795 
-87.3358 36.8983 
-85.6253 38.3182 
-83.0412 36.9294 
-85.5619 38.3029 
-88.4866 36.8155 
-84.7293 39.1090 
-83.9082 37.3613 
-84.7571 37.7140 
-85.9195 36.5975 
-85.5939 38.1413 
-88.0976 36.5059 
-87.8673 37.6290 
-85.6177 38.3185 
-84.2271 38.5282 
-84.6115 37.0862 
-84.1832 36.9248 
-85.8748 37.7012 
-84.4009 38.3434 
-84.5088 38.0154 
-84.5739 37.5987 
-84.7036 39.0214 
-84.4260 38.0291 
-85.6890 38.2360 
-83.4827 38.2000 
-84.5787 38.2064 
-83.2766 38.6014 
-84.7965 36.9631 
-85.2182 38.1779 
-88.7609 37.0715 
-84.3009 38.9546 
-82.9647 37.3444 
-82.3962 37.3392 
-88.6300 37.0673 
-85.3546 38.6722 
-85.0983 36.7028 
-86.4354 36.9681 
-87.5247 37.5763 
-88.1541 37.1039 
-85.1128 37.0307 
-87.9104 37.6794 
-82.5617 37.5176 
-84.5320 39.0718 
-84.8986 38.6750 
-85.7417 38.1180 
-84.9187 38.1594 
-85.5592 38.2327 
-84.4423 37.8838 
-85.0596 37.5679 
-84.5917 37.0005 
-82.8120 38.3317 
-86.4487 36.9800 
-83.6806 37.7852 
-83.8366 37.4206 
-82.7322 37.6147 
-82.9837 37.3964 
-85.9282 37.8992 
-85.1209 36.9655 
-87.4662 37.2782 
-85.7088 37.2819 
-87.5830 37.8337 
-82.7038 37.1500 
-87.8656 37.6279 
-84.3918 38.2236 
-83.5685 36.9158 
-85.0574 38.5965 
-82.7628 37.5504 
-84.7143 39.0935 
-86.8776 36.8009 
-85.0674 36.9691 
-82.5259 37.4796 
-85.7300 38.1926 
-84.6984 37.0198 
-82.5050 37.4780 
-83.7318 36.5974 
-85.1201 38.6106 
-84.5570 39.0095 
-82.9913 37.3505 
-87.3331 37.1620 
-88.1963 37.0870 
-82.7962 37.5201 
-88.8169 37.1111 
-84.6385 37.9010 
-82.5530 37.6315 
-84.5446 38.9195 
-82.5518 37.5229 
-85.7730 38.2065 
-84.5246 37.7656 
-84.5664 39.0705 
-87.9434 36.7490 
-83.4415 38.0097 
-87.9462 37.6293 
-83.9407 37.4186 
-85.6379 38.2976 
-85.7531 38.2157 
-82.9745 37.8240 
-84.3038 38.9798 
-85.1707 36.6331 
-85.7837 38.1886 
-84.5080 38.7135 
-84.6180 38.9075 
-88.0832 36.6142 
-84.6945 38.9626 
-84.5547 37.2328 
-85.1649 38.1449 
-84.1492 38.7579 
-89.1594 37.0854 
-82.2035 37.4443 
-84.2268 37.7693 
-84.9015 38.1608 
-82.7854 38.5498 
-88.0010 36.7378 
-85.2651 38.0670 
-82.4454 37.4985 
-85.2270 37.9842 
-82.3472 37.6730 
-85.7563 38.2208 
-85.5882 37.1946 
-84.6352 38.9050 
-84.5153 38.9504 
-84.2606 38.8690 
-83.9752 38.3303 
-84.5994 37.0298 
-84.0891 36.9595 
-83.3225 37.6563 
-84.8646 38.5710 
-84.7592 39.0833 
-82.6449 37.6593 
-86.6169 37.0799 
-85.9325 37.8902 
-85.2008 38.1753 
-84.7870 36.9334 
-82.7295 37.8385 
-85.4969 38.3359 
-83.8951 38.7477 
-88.8742 36.5451 
-85.8903 36.9782 
-83.8466 36.9259 
-83.5483 36.8692 
-87.2595 37.1399 
-85.0445 36.9368 
-85.7279 37.3724 
-84.5110 39.0774 
-83.7544 38.6437 
-83.9862 38.6310 
-84.3353 38.4548 
-88.9278 36.7213 
-82.6156 38.1190 
-84.9561 37.7617 
-85.6212 38.2877 
-85.7115 38.2646 
-83.1918 37.2091 
-84.8089 38.9584 
-85.1475 36.6362 
-84.5805 38.4730 
-85.0194 37.3985 
-84.9279 36.6216 
-84.5428 38.1575 
-85.5989 38.1649 
-83.2947 37.2656 
-84.2684 37.7389 
-84.3828 38.5146 
-84.4103 36.9355 
-84.6870 38.9768 
-84.3943 37.5112 
-87.4815 36.7147 
-86.8240 37.9813 
-85.9804 37.8958 
-82.3573 37.5018 
-87.6488 37.8089 
-85.5913 38.2002 
-84.5522 39.0481 
-83.8261 37.7762 
-84.5680 39.0013 
-84.6906 37.6339 
-85.0867 37.0836 
-84.5464 38.2349 
-82.8645 37.7750 
-85.6530 37.4116 
-82.8190 37.7560 
-87.9862 36.8033 
-82.6100 37.3023 
-84.4999 38.0632 
-85.7411 38.1969 
-84.6969 38.9773 
-83.9292 36.9719 
-83.6441 36.8174 
-84.4831 37.2976 
-82.3512 37.4946 
-82.8027 37.8153 
-84.6064 39.0308 
-85.9841 37.7575 
-84.6314 38.2722 
-84.6508 38.9863 
-87.6146 37.1484 
-84.9540 37.6173 
-84.4872 38.0513 
-83.0701 37.0808 
-85.6804 38.1393 
-84.6744 38.9313 
-85.9618 37.0420 
-85.7412 38.1868 
-87.7987 37.3268 
-83.1994 37.1325 
-85.7576 38.2148 
-84.5112 39.0198 
-88.2378 37.0820 
-82.5277 37.4422 
-84.5025 38.0407 
-87.9079 37.6202 
-85.1330 36.7415 
-83.4364 38.1674 
-84.2228 37.7721 
-85.5279 38.2770 
-83.7346 37.7393 
-84.5756 38.9753 
-84.7126 39.0693 
-82.2742 37.6604 
-84.6171 38.6085 
-83.9321 37.8287 
-84.0926 37.5803 
-84.7336 37.1276 
-83.9398 36.6370 
-83.8991 36.5880 
-85.1448 36.9452 
-85.6052 38.1996 
-86.4782 37.7170 
-84.6251 38.9426 
-87.7491 37.1539 
-88.2611 37.0188 
-85.9491 37.8842 
-87.4619 36.8480 
-84.6041 39.0182 
-85.9506 37.3705 
-85.9269 37.2450 
-87.5720 37.9645 
-85.2942 38.5882 
-85.5524 38.1948 
-85.0189 37.8849 
-84.3661 37.3656 
-88.6377 36.7518 
-85.3362 38.2998 
-88.5740 37.0499 
-86.3750 38.1511 
-83.9478 37.7273 
-84.9566 38.2694 
-85.8934 38.0548 
-83.1839 38.4152 
-86.2806 36.7105 
-84.3904 38.5938 
-84.5234 38.2146 
-84.4061 37.9994 
-85.7695 38.1416 
-86.4743 36.9567 
-82.7306 37.6083 
-82.7300 37.7403 
-84.8917 38.1468 
-87.4626 37.1543 
-84.6135 38.6944 
-87.6412 37.3543 
-85.7290 37.8224 
-82.9155 37.6905 
-88.0216 37.0330 
-84.1077 36.8965 
-84.3303 37.8430 
-85.5904 38.1819 
-84.3310 37.1373 
-85.8628 38.1598 
-84.4883 38.0725 
-85.6175 38.2508 
-83.1909 38.0902 
-87.1152 37.7235 
-87.5068 36.8585 
-84.0756 38.4744 
-84.7669 37.6460 
-85.5137 38.1837 
-84.7257 39.0419 
-82.6744 37.8535 
-86.8887 36.8457 
-84.6692 39.0022 
-84.4415 39.0614 
-87.6381 37.7997 
-84.4531 37.5830 
-85.1782 37.4736 
-84.3879 37.9624 
-88.2095 36.9956 
-87.5072 37.6467 
-82.7953 37.8263 
-82.5406 37.3792 
-84.2826 38.9122 
-84.8524 36.7625 
-84.5329 38.2248 
-85.5313 38.1810 
-83.8501 37.3884 
-84.8502 38.6438 
-84.5045 38.0426 
-84.8745 36.9580 
-85.6932 38.2058 
-84.6594 37.8627 
-82.3511 37.4915 
-84.5320 38.2714 
-87.1424 37.3949 
-87.3789 36.6393 
-82.5385 37.4837 
-85.7978 38.1693 
-84.7172 38.9219 
-84.1694 37.4752 
-82.7011 37.8078 
-84.0240 36.9843 
-84.5388 38.2236 
-82.9028 37.2840 
-85.4163 38.3641 
-84.5972 38.4865 
-83.1981 37.2510 
-83.6289 38.3091 
-84.5702 39.0055 
-85.8787 37.7649 
-88.3209 36.6231 
-85.9446 37.8808 
-82.7479 37.6340 
-84.8602 38.1712 
-85.3774 37.2843 
-84.6439 38.9216 
-83.7088 37.5020 
-84.5210 38.0389 
-83.0804 37.2040 
-84.8776 38.5783 
-82.6222 38.4352 
-84.4288 39.0195 
-86.2949 37.6429 
-85.2028 37.8163 
-88.3020 36.7635 
-84.3661 37.1131 
-85.1771 38.1493 
-85.7533 38.2569 
-84.3863 38.9134 
-85.2509 37.6403 
-83.4195 36.7004 
-84.2912 37.7467 
-83.9433 37.4192 
-84.7299 38.7812 
-83.1109 37.5227 
-85.9195 36.9968 
-88.7648 37.0631 
-86.6515 37.9137 
-84.5789 37.6732 
-84.7954 39.0809 
-83.2087 38.1371 
-85.8614 38.1057 
-83.6927 36.7669 
-85.6960 38.1012 
-84.4169 38.7130 
-84.9858 36.6480 
-82.7755 37.8074 
-85.9674 37.8554 
-84.1642 38.2756 
-83.6679 37.0973 
-84.9411 38.0783 
-84.0394 37.8499 
-85.9434 37.8888 
-83.5278 37.6121 
-83.8846 36.6569 
-84.6865 37.7081 
-85.0850 37.6872 
-87.9727 37.5626 
-82.7435 37.7212 
-85.1856 37.2327 
-83.0952 37.2303 
-87.2606 37.5304 
-83.8402 38.6679 
-83.6532 36.7075 
-87.8932 36.8697 
-83.1408 37.1646 
-83.5283 37.3735 
-84.5570 37.8799 
-88.3380 36.7942 
-87.4159 37.4540 
-85.5459 38.3047 
-85.2109 38.1932 
-84.5829 37.1004 
-84.6076 39.0607 
-83.8658 38.4503 
-85.5690 38.2724 
-87.3387 37.7582 
-82.6058 37.5389 
-84.5884 38.1906 
-82.6933 37.8814 
-89.1633 36.9965 
-85.1185 36.9458 
-86.0695 37.8415 
-84.4810 37.9425 
-84.3896 37.9632 
-87.1160 37.3238 
-82.8321 37.1059 
-84.4814 37.2424 
-85.8027 38.2295 
-84.6421 37.0227 
-84.9679 37.1066 
-87.4845 36.8611 
-85.8500 37.6517 
-85.8222 38.1879 
-84.5465 38.0467 
-87.5343 36.8523 
-88.3070 36.6556 
-85.9501 37.9366 
-85.0864 37.4602 
-83.3302 37.3630 
-83.7192 37.8295 
-85.8299 36.8996 
-83.6249 37.6723 
-83.0665 37.3036 
-84.3925 36.6574 
-84.7942 36.9955 
-85.7613 38.2148 
-84.6977 38.9739 
-84.5347 39.0256 
-82.3364 37.4418 
-89.0000 36.6658 
-85.7466 38.2513 
-87.2519 37.5501 
-85.4901 38.1810 
-87.2061 37.2574 
-82.9496 37.3765 
-86.2366 37.9496 
-84.0119 37.9813 
-84.9218 38.7552 
-85.7002 37.8849 
-84.7841 39.0845 
-82.6623 38.3689 
-84.7828 38.1754 
-82.9135 37.6695 
-82.8018 37.8147 
-84.0948 37.1347 
-82.7507 37.9119 
-84.3924 37.7924 
-85.3190 38.5828 
-83.6064 36.7934 
-88.6617 36.7667 
-88.6054 37.0758 
-82.6036 38.3957 
-85.3609 37.3382 
-84.7249 39.1172 
-85.5390 36.9005 
-85.1831 37.5014 
-85.3298 36.9311 
-87.9972 36.9210 
-84.9428 37.6572 
-84.4536 36.9958 
-86.0996 37.1856 
-83.0043 37.2802 
-84.3754 38.4890 
-84.3056 39.0125 
-85.1827 38.6678 
-85.4066 37.4642 
-84.5577 38.8913 
-82.9995 38.6417 
-86.5770 37.2906 
