-83.6952 37.2830 
-84.1914 37.7775 
-82.2735 37.4557 
-84.5196 39.0513 
-82.1947 37.5833 
-83.2714 37.0758 
-86.3516 36.9415 
-85.5519 38.1883 
-83.7721 38.6719 
-82.8924 37.8087 
-82.6587 37.9954 
-85.1365 38.6730 
-87.2384 37.1453 
-88.6563 37.0492 
-83.0127 37.1967 
-84.5938 37.9135 
-82.2127 37.4987 
-84.4780 38.0436 
-82.5673 37.5199 
-83.7478 37.8283 
-87.4899 36.8660 
-85.5861 38.2263 
-84.5936 38.2112 
-85.1206 36.9336 
-82.8785 37.3955 
-85.9485 37.9301 
-84.7993 38.1878 
-86.9105 37.8625 
-87.4739 36.8614 
-86.1803 37.2934 
-84.8080 37.4717 
-87.5633 37.8663 
-83.4453 38.0377 
-88.6313 36.7782 
-87.5080 37.6259 
-82.8395 37.8218 
-85.1784 38.1501 
-84.6137 37.0859 
-85.7676 38.2599 
-83.2420 37.2816 
-87.5855 36.7861 
-82.9154 37.8140 
-87.2400 36.9506 
-85.0661 36.9851 
-85.5755 38.2285 
-84.2942 37.7711 
-83.6125 38.3013 
-85.5599 38.1264 
-84.2456 37.7612 
-85.3675 36.7303 
-85.7231 38.0497 
-84.5036 37.3255 
-88.4336 36.9921 
-85.7399 38.2622 
-84.4479 36.8523 
-83.1274 37.5477 
-84.4503 38.0774 
-85.0592 38.2593 
-82.8058 38.4037 
-84.0592 37.3114 
-85.9026 37.1227 
-87.8524 37.6857 
-84.3285 37.1444 
-84.9819 37.0283 
-88.2096 36.5804 
-83.8917 38.6551 
-84.5436 38.5415 
-84.4945 38.0650 
-83.0036 36.9661 
-87.1017 37.7467 
-85.3958 37.8350 
-84.4421 38.8097 
-83.2823 37.9430 
-82.7897 37.8029 
-82.8916 36.9874 
-84.6648 38.9610 
-82.6041 38.3918 
-84.3338 36.8943 
-84.6149 39.0262 
-87.0342 37.4805 
-84.6296 36.9416 
-83.0836 37.7515 
-85.5969 38.1344 
-85.8868 37.2616 
-82.9534 37.2919 
-82.8028 37.8198 
-82.8649 37.8349 
-84.5934 36.9992 
-83.5541 38.2374 
-83.2521 37.3898 
-84.4627 39.1022 
-84.4467 38.2780 
-84.9611 37.8133 
-85.8091 36.6113 
-83.9671 38.6408 
-82.2844 37.4556 
-84.4939 39.0092 
-87.3598 36.6397 
-82.3567 37.6165 
-85.3120 38.5055 
-83.3273 37.4810 
-86.0599 37.7842 
-85.8868 37.2694 
-84.4923 37.1034 
-86.5678 36.7761 
-83.6532 37.4641 
-85.1384 38.2050 
-88.5933 37.0848 
-82.7864 37.6611 
-84.9180 38.7623 
-84.4963 36.6409 
-84.7091 37.6269 
-84.8285 36.9907 
-83.7683 37.3666 
-84.4169 38.4043 
-89.1074 36.6770 
-85.7255 38.2338 
-84.6434 38.1612 
-86.2650 37.6196 
-82.2280 37.3699 
-85.2533 37.5738 
-83.9301 38.4919 
-83.4597 38.5750 
-83.1732 38.1804 
-84.4562 39.1148 
-83.1361 38.3598 
-84.7072 39.0904 
-84.9344 37.8841 
-84.6821 39.0027 
-84.3953 38.7522 
-82.8111 37.8155 
-84.4910 39.0527 
-85.9531 36.9445 
-86.7295 36.7199 
-84.9849 36.6489 
-87.9363 36.7497 
-84.5998 38.9695 
-85.4271 37.8152 
-84.5998 36.9466 
-83.7954 37.8858 
-85.7016 38.2070 
-88.6648 36.7509 
-82.4398 37.3123 
-85.3593 38.2063 
-84.6048 38.7733 
-85.9058 37.0660 
-84.9112 37.1941 
-82.8354 37.4810 
-87.9625 37.5751 
-84.8688 38.1785 
-85.5683 38.3238 
-84.6511 37.8493 
-84.5188 39.0865 
-84.5065 38.8019 
-87.2979 37.3569 
-86.2918 38.0560 
-84.6904 37.8547 
-86.1053 37.9605 
-82.6782 37.3737 
-85.3868 38.4126 
-88.7146 36.7465 
-83.7865 37.7763 
-85.0502 36.9174 
-85.4562 37.3330 
-88.1778 36.9489 
-87.2076 37.1617 
-84.9972 37.1458 
-84.8639 38.9223 
-88.4926 36.9270 
-88.7475 37.1679 
-82.3469 37.3022 
-84.4351 37.8564 
-84.4873 38.1038 
-85.7545 38.2130 
-83.6956 36.6080 
-83.0262 37.3193 
-82.6904 37.7595 
-87.2348 37.7577 
-83.2766 37.3840 
-88.6085 36.5021 
-85.5119 38.2825 
-83.0411 37.1761 
-83.0610 37.0783 
-85.5781 38.2618 
-87.4633 37.0485 
-84.0791 37.5598 
-82.9162 37.5478 
-83.4041 38.2333 
-84.5270 38.0183 
-86.5362 36.8205 
-85.6951 38.1694 
-84.5969 38.7906 
-88.0728 37.0980 
-84.4674 37.9197 
-84.2150 37.5361 
-84.7651 37.6509 
-85.4882 36.6136 
-84.6830 37.1935 
-84.4829 39.1026 
-87.1406 37.7824 
-87.1359 37.3678 
-87.7500 37.5697 
-85.6167 38.2518 
-86.4018 37.0858 
-86.5923 37.4673 
-85.4258 38.2429 
-85.9758 37.8865 
-82.5468 37.3847 
-82.5760 37.2221 
-83.6936 36.6067 
-84.6851 38.9683 
-83.1357 38.4957 
-82.6368 37.3065 
-85.0099 36.9739 
-85.6972 37.8174 
-87.9862 36.8019 
-87.5031 36.8498 
-83.2533 37.2952 
-83.7705 37.8383 
-84.0728 38.0129 
-84.5536 38.9770 
-87.4728 36.8201 
-82.7808 37.8902 
-84.7012 39.0274 
-84.5481 37.8857 
-84.7355 39.1003 
-83.1828 38.2950 
-86.3014 37.5040 
-85.1812 38.1240 
-84.7992 38.1878 
-82.9444 37.2646 
-85.4647 38.2347 
-84.4609 39.1150 
-84.7150 39.1256 
-86.2488 37.5817 
-84.5929 37.8929 
-85.6814 38.2620 
-86.9343 37.2063 
-85.1705 36.6492 
-84.7745 37.6413 
-83.9529 37.8634 
-82.6491 37.5266 
-83.7715 38.4216 
-85.8212 38.1385 
-84.6543 38.9443 
-84.4441 38.3915 
-85.6715 38.2114 
-84.5083 38.0349 
-83.7541 38.1413 
-82.6993 38.4462 
-85.8352 38.1152 
-82.5843 37.1996 
-84.4841 37.9460 
-87.7716 36.7945 
-82.8990 37.5273 
-84.0317 38.2557 
-84.6661 37.8714 
-84.8399 37.1282 
-84.3394 37.5368 
-83.7951 37.8858 
-84.6274 37.0872 
-85.6573 38.1561 
-85.0408 37.3424 
-84.4406 39.0665 
-84.0296 37.2801 
-85.5785 38.2591 
-86.9782 36.7678 
-83.2001 37.3590 
-86.6057 37.6214 
-82.5396 37.4893 
-84.1193 36.8885 
-84.5447 38.2352 
-84.6028 39.0171 
-84.1782 38.6593 
-84.9528 38.1627 
-84.3405 37.3529 
-85.5928 38.2441 
-83.9955 38.3282 
-84.5011 38.0532 
-85.6411 38.2800 
-83.1931 37.2821 
-88.3034 36.9524 
-85.5424 38.2316 
-82.1993 37.5436 
-85.6204 38.1363 
-84.5111 36.6975 
-85.6650 36.8802 
-87.6250 37.8019 
-84.6018 38.7700 
-84.2599 37.7620 
-85.8048 36.9046 
-84.8939 38.1604 
-84.7907 39.0898 
-83.5918 38.3352 
-85.7728 38.2076 
-83.8508 37.3876 
-83.8204 37.8337 
-84.4626 38.0634 
-87.4618 36.8478 
-85.0364 37.0624 
-83.8269 37.4100 
-83.6483 36.8128 
-86.0144 37.8867 
-83.2586 37.9163 
-84.4823 39.0827 
-84.8515 38.9020 
-83.3660 37.9248 
-84.2915 37.6879 
-87.9391 36.9913 
-85.0091 36.7423 
-83.9307 36.6317 
-84.6061 38.7744 
-85.6850 38.2549 
-85.3995 37.0159 
-82.7705 37.5572 
-88.7044 37.0811 
-88.8240 37.0663 
-84.4704 39.0402 
-82.7643 37.5633 
-87.6301 37.5345 
-84.5705 39.0263 
-83.1900 36.7698 
-83.1229 38.2860 
-83.7942 36.9797 
-88.7893 37.1507 
-86.8590 36.7680 
-84.4881 38.9664 
-83.6345 38.2136 
-84.5084 39.0261 
-84.9948 37.5491 
-85.8345 37.0545 
-84.9728 37.4100 
-84.4613 39.1072 
-85.3621 38.3826 
-84.6058 38.2573 
-84.6446 37.7566 
-84.6468 36.6272 
-85.5597 38.3190 
-86.3414 36.9871 
-85.7385 37.9701 
-84.9246 38.7527 
-89.2951 36.4441 
-83.9225 37.3134 
-84.6330 37.2893 
-84.5837 37.9964 
-85.4833 38.2939 
-86.3493 38.0817 
-85.7041 38.2017 
-84.4258 36.9149 
-86.3805 38.1714 
-84.3910 38.3257 
-84.6620 38.9516 
-87.0806 37.7484 
-85.4381 38.2698 
-88.6039 37.0919 
-82.5013 37.3203 
-86.2095 37.4970 
-85.5237 38.3092 
-84.5602 39.0834 
-85.5231 38.2303 
-84.4016 36.8782 
-83.8131 36.7190 
-84.0252 38.0685 
-83.6804 37.7801 
-83.9310 37.8269 
-85.8309 38.1608 
-85.2087 38.1743 
-84.5628 38.0117 
-84.9039 36.8407 
-87.9567 36.9203 
-89.1047 36.7641 
-84.3466 38.9562 
-83.2090 37.3111 
-82.5266 37.4755 
-84.2184 36.7097 
-85.4768 37.8086 
-85.7778 38.1890 
-84.5693 38.9991 
-83.5323 37.3670 
-84.5556 38.9067 
-85.4615 38.2653 
-82.6718 37.7336 
-85.1221 37.9299 
-85.0779 37.4643 
-84.9474 38.7100 
-84.3667 37.7911 
-83.0633 36.9255 
-85.5848 38.2472 
-84.6699 38.9908 
-83.0223 36.8958 
-85.6189 38.2506 
-88.2918 36.7719 
-87.8751 37.9058 
-85.8997 36.9937 
-82.7971 38.4892 
-84.7167 39.0345 
-85.5909 38.2154 
-86.5724 37.5489 
-84.6110 38.7747 
-84.5648 38.6489 
-82.9281 38.3383 
-85.3059 37.8777 
-82.7985 37.7796 
-82.7520 38.5632 
-84.0204 37.3855 
-82.6958 38.5002 
-83.5328 38.5193 
-85.2395 38.1848 
-86.4739 36.6794 
-87.2059 37.2574 
-84.5387 38.2248 
-84.0257 37.6916 
-82.6527 38.3847 
-86.7354 36.7491 
-84.6121 38.2514 
-82.5188 37.4640 
-87.5017 37.2685 
-88.3041 36.6451 
-87.9019 37.9306 
-85.7591 38.2109 
-82.9226 37.8844 
-84.9065 38.1758 
-84.6195 38.9202 
-85.1973 36.9415 
-84.8476 38.2527 
-85.9371 37.2064 
-85.3207 38.6012 
-83.8444 37.8415 
-83.3306 37.9468 
-84.3939 38.9577 
-83.5753 38.0573 
-84.2558 37.3341 
-84.6139 37.0913 
-82.7647 37.8181 
-84.4171 38.7131 
-87.5542 36.7923 
-84.5805 37.1619 
-84.0592 37.7143 
-84.5099 38.0553 
-85.1828 37.5013 
-85.2275 37.6898 
-84.6546 38.2169 
-85.0377 37.0587 
-84.5033 38.0412 
-83.9046 38.5319 
-84.3099 37.6652 
-84.5972 39.0096 
-82.8694 36.9693 
-83.7569 37.8321 
-85.1069 37.0369 
-85.7732 38.2194 
-85.0355 37.4190 
-84.7660 37.6195 
-85.5134 38.2825 
-85.4893 38.3338 
-87.5885 37.8348 
-85.2477 38.2045 
-85.0452 37.0523 
-82.7099 38.4037 
-85.7760 38.2412 
-84.7009 38.9800 
-84.1446 38.7614 
-84.4716 37.9617 
-83.7212 37.8199 
-84.3284 36.6714 
-85.7406 38.1961 
-84.1659 36.7885 
-85.8839 37.7609 
-85.7029 37.9299 
-86.2867 36.8716 
-84.9543 38.7448 
-85.0342 38.7483 
-86.8189 37.3772 
-82.5916 37.2801 
-85.5027 38.2227 
-84.8496 38.1932 
-86.8034 37.7457 
-85.3562 37.3392 
-84.9071 38.7040 
-84.7885 39.1062 
-87.1503 37.0997 
-82.4349 37.3880 
-83.8030 37.1240 
-82.5822 37.3214 
-83.7214 37.1368 
-84.4468 39.0001 
-82.5853 38.3233 
-82.5164 37.3178 
-84.7824 39.0854 
-84.9924 37.4645 
-85.7392 38.1938 
-84.1445 36.6412 
-84.3703 37.9248 
-87.1748 37.2155 
-84.2980 37.8919 
-85.1720 37.0039 
-88.5960 37.0160 
-85.5821 38.1677 
-84.3531 39.0277 
-85.6346 37.7979 
-85.6057 37.3084 
-84.6895 38.9618 
-83.9037 38.7033 
-83.6491 37.8082 
-84.4233 37.3400 
-84.0118 36.9417 
-82.7894 37.7369 
-86.3685 37.7159 
-87.6127 37.8210 
-83.3643 38.6122 
-84.4315 39.0014 
-85.7561 38.2477 
-83.6131 38.4658 
-83.2214 36.9796 
-83.7879 37.8809 
-84.6175 37.8445 
-85.6630 38.1140 
-84.6739 38.1904 
-85.5549 38.0845 
-85.8129 38.1944 
-84.5408 38.9308 
-85.1049 37.0768 
-85.9413 37.8669 
-87.0942 37.7686 
-82.8108 37.8910 
-89.1836 37.0515 
-85.2402 37.0279 
-85.3039 37.1051 
-85.9857 37.8043 
-83.1313 38.4922 
-85.4860 38.2949 
-87.1177 37.2877 
-84.5197 38.1636 
-84.8882 38.2139 
-86.0988 37.8837 
-84.7151 39.0626 
-83.3268 38.1873 
-84.2260 36.7038 
-84.7708 37.6457 
-84.3021 38.9692 
-85.5305 38.1823 
-83.0514 38.1216 
-88.3296 36.6151 
-85.5406 37.6679 
-88.0443 37.1016 
-87.8662 37.6284 
-85.9075 37.0087 
-85.8471 36.9601 
-85.7527 36.6213 
-85.6147 38.3166 
-85.5993 38.1788 
-85.2298 37.4375 
-84.4826 38.0011 
-83.4991 38.1475 
-84.5014 37.2412 
-82.3504 37.3034 
-83.6094 37.4420 
-85.0576 36.9094 
-83.7805 37.7809 
-85.9813 37.0077 
-84.6909 39.0411 
-85.5258 38.2860 
-84.8315 38.5287 
-85.1644 38.6462 
