-85.1069626 37.894108
-86.024603 36.928521
-83.197772 37.74537
-85.5845265 37.201808
-84.584011 37.905365
-88.1923623 36.8305636
-84.6491236 38.2193193
-82.991885 36.966628
-84.258217 37.3315412
-84.6948757 39.00496
-87.9811831 37.01631
-82.768032 37.777461
-83.213549 38.149319
-85.8088051 38.227884
-83.561079 38.222736
-84.395088 38.988815
-82.636809 37.181736
-88.6181095 37.0773771
-85.866887 36.795061
-84.660504 38.983115
-85.769519 36.899877
-85.945084 37.009069
-84.52393 37.980234
-85.505703 38.203944
-85.118222 36.945693
-86.064398 37.793387
-85.9236489 36.9967577
-85.0245094 37.8822457
-87.59462 37.278382
-85.600451 37.186831
-83.530416 37.872617
-84.729706 39.061603
-84.1085471 37.0781752
-82.1341161 37.5602718
-84.8826889 38.1991752
-88.7380205 37.0740694
-85.6277338 38.2452122
-83.71558 36.623721
-82.2559235 37.6365642
-84.7979761 38.7966105
-83.63079 36.75022
-85.000274 37.943736
-86.1742196 37.8347701
-83.891243 37.386749
-83.804209 37.369534
-82.741305 37.648259
-83.677563 37.775358
-87.862821 36.852865
-84.52911 37.681929
-83.974459 38.330762
-84.955778 37.501435
-85.3922388 38.1375834
-84.4968959 39.0841338
-88.321521 37.34181
-83.976937 38.269125
-84.5666089 38.6319204
-89.0456081 36.7290552
-84.578939 37.673207
-84.8965028 37.9733693
-84.7142142 39.0932269
-83.002858 37.747476
-84.1435444 37.8611659
-86.747371 36.853874
-84.43679 37.8598
-87.5329794 37.6051262
-83.188498 37.24343
-85.04553 36.9358839
-88.872615 36.5024864
-82.5020075 37.5678019
-89.1627153 36.9969475
-83.240369 37.285821
-84.3516365 38.9560578
-85.7348452 38.2625594
-82.4573254 37.4162247
-85.8068728 37.8209643
-86.3493491 37.2384127
-88.4659 36.953643
-85.9857414 37.8043311
-89.0259287 36.6969083
-84.791185 38.7553346
-85.939267 37.827572
-85.777354 37.138346
-84.001269 37.528065
-84.284584 38.179536
-84.4675443 39.0440653
-85.122831 38.66829
-84.9594685 37.5592081
-85.5892035 37.212429
-85.681933 37.385931
-83.7889591 37.5066234
-84.498888 37.844726
-82.3464113 37.7061094
-88.072946 36.582632
-84.7892137 38.7260977
-84.9540359 37.6156253
-87.4670377 36.9919806
-84.49165 37.12333
-88.039334 37.409046
-87.5201017 37.8625488
-82.140633 37.594406
-85.655379 38.280661
-86.2492904 36.774156
-85.7532425 38.2400126
-83.4862977 37.90456
-84.5001641 39.0693731
-84.31922 37.5186397
-82.85659 36.952202
-87.482353 37.354686
-85.671281 38.189487
-86.272755 37.238116
-85.6577895 36.9946012
-85.552591 37.324668
-86.866876 37.305235
-86.900621 37.3983209
-83.332592 37.798214
-83.582913 36.755915
-84.496822 37.853218
-85.680816 38.254647
-86.2378719 36.6266972
-85.241921 38.692057
-82.2453241 37.6243354
-84.7183824 39.098943
-83.714129 36.757817
-84.5682948 39.0208304
-83.219184 36.979213
-86.3101737 37.5020334
-87.263531 37.534444
-86.3597644 36.9518012
-87.4447034 36.6612039
-83.090382 37.172577
-82.6606708 37.5841442
-83.8881403 36.866106
-84.969845 37.108114
-85.12819 37.579112
-84.32978 37.686557
-85.809948 36.903478
-85.6730627 38.0752986
-84.675856 38.9582501
-85.204573 38.283629
-85.5897775 37.220119
-85.462742 37.331768
-87.0670373 37.7362518
-87.1280256 37.6659326
-83.177838 37.239158
-84.9498541 37.5793773
-83.252032 37.5363774
-83.266092 37.066118
-84.665409 37.8638107
-83.005817 37.35771
-83.213199 36.780861
-84.5348584 38.9865944
-85.3336497 37.4652532
-84.901581 36.834924
-86.4322552 36.9390147
-88.667525 36.7203233
-82.878941 37.230254
-85.1395207 36.7410492
-85.7527292 38.2696448
-85.6260329 38.2505146
-84.090193 37.019127
-87.897248 37.939761
-83.841946 37.831367
-88.953111 36.818281
-85.9188599 37.8072735
-84.621406 37.001894
-85.3590678 38.2166404
-87.834393 37.830958
-85.232076 38.218507
-85.350299 37.851586
-83.168161 38.212617
-83.797182 37.88761
-85.92965 37.212432
-84.49532 37.795836
-87.4992695 36.7681272
-85.5085788 36.6150149
-83.396881 37.135962
-88.3436499 36.9311801
-83.439383 37.074396
-82.5492812 37.2749921
-85.709164 38.231176
-84.6076249 36.9344929
-82.5467971 37.3847429
-86.339439 36.905338
-84.6931139 38.1494852
-84.3755889 38.8952533
-87.22615 37.152474
-83.6450248 37.7301848
-82.8246005 38.3711194
-84.5388238 39.0828232
-86.598943 37.157964
-87.395859 37.277397
-83.4551423 38.1539153
-83.997269 37.51977
-86.3788381 37.9075728
-85.7792063 38.1407345
-84.9784403 37.7419843
-85.7231191 38.2379642
-86.0572919 37.8390447
-88.207427 36.764014
-84.4617675 39.1072173
-85.610172 38.29883
-84.469938 38.041756
-83.457378 38.275345
-82.5672136 37.5054925
-85.084649 37.025303
-84.5293624 37.9930148
-84.9242911 38.7598718
-82.839372 38.46291
-86.052221 37.096022
-86.71791 37.638151
-84.6299165 38.9042305
-84.182112 37.739446
-85.814311 37.72152
-84.0659576 37.0946163
-84.942446 37.318944
-82.3523069 37.3005847
-84.766146 38.488317
-83.299607 38.193653
-84.600523 38.988621
-87.4544799 37.5495102
-83.73831 36.643373
-84.730388 39.087542
-88.795966 36.800844
-83.062728 37.336882
-85.0763896 37.899047
-83.3299617 38.0316177
-83.259294 37.276322
-82.7313641 37.6130834
-84.758832 37.315131
-87.0534548 37.7955525
-87.938338 36.748102
-88.64234 37.076402
-84.6520875 38.9924271
-84.901178 38.782636
-85.69095 36.702774
-88.705021 36.534132
-88.383506 37.244007
-83.118319 37.736038
-84.8335045 38.5311102
-85.632819 37.014977
-87.475112 37.453165
-86.6136011 37.3915522
-84.529541 37.712226
-86.4135366 36.9579024
-84.4522134 39.0946461
-83.825832 37.197913
-87.262861 37.537058
-83.1215596 38.4858075
-87.5941033 37.6235483
-84.716457 38.914829
-87.187251 37.219396
-84.469801 37.919844
-85.742011 37.967754
-86.266833 37.200409
-85.3119659 38.5055514
-88.479391 36.737771
-82.7001761 37.8750132
-82.776058 37.753633
-83.0386143 37.7362356
-82.84886 37.842947
-84.9228016 38.5404613
-84.089526 36.959125
-83.917999 37.846506
-88.348733 36.938444
-84.6210984 38.989017
-83.619055 38.378721
-84.114106 37.492762
-84.780648 37.630612
-88.3024194 36.7634683
-83.152733 37.16337
-84.758214 37.7618318
-83.499307 38.033441
-82.8364555 37.8243138
-85.4169716 38.2706509
-85.516496 38.304259
-82.5151931 37.4825487
-84.4875837 38.0482919
-82.667881 38.398471
-84.5852226 38.1973724
-84.83623 37.366398
-88.737594 37.153038
-83.76469 37.149641
-84.4798205 37.9639714
-84.411239 38.01344
-85.59461 37.807808
-83.903891 38.703339
-84.9279663 37.8834773
-83.254358 38.107986
-87.964802 37.056628
-83.86886 37.700998
-82.675479 37.798872
-84.703175 39.111346
-84.652234 38.944028
-83.962671 37.422033
-84.4678049 38.9454788
-84.4938361 38.0421119
-85.564566 38.2470688
-86.486512 37.900687
-82.8006295 37.7419675
-85.065863 38.744911
-83.121763 37.864858
-85.5832951 38.3143064
-83.928338 37.597735
-82.5264028 37.4845357
-82.3010548 37.3534283
-88.0352355 37.1047674
-83.42037 37.499121
-82.9549272 37.7171079
-82.881083 37.336549
-87.4619745 36.8452997
-86.345771 37.685089
-84.9562685 37.5653857
-85.5676629 38.3272728
-86.085748 36.98858
-83.784175 37.849545
-84.736757 37.582272
-84.5223582 39.0439204
-85.7738109 38.1297935
-84.527668 37.773043
-85.7179939 38.2415557
-83.100038 38.213536
-82.685136 37.813837
-83.995211 37.872506
-84.4951183 39.0395015
-85.764251 38.142597
-82.2705436 37.592495
-87.3818369 36.6509437
-84.8628383 38.1966082
-85.124005 37.631017
-86.2084241 37.0525094
-84.887634 37.013753
-84.4396745 39.0259109
-83.580093 38.30692
-84.182925 37.9822713
-84.5321112 38.0224668
-87.260808 37.53017
-89.2439999 36.5273282
-85.828395 36.972535
-84.522081 37.988656
-82.7530427 38.3668094
-88.3078928 37.009088
-83.6945328 37.7966856
-82.3606505 37.69149
-84.6385108 38.9141732
-84.263498 37.736193
-83.317453 38.278109
-83.129971 37.216815
-85.4650817 37.8117585
-85.8167541 37.6085146
-83.091771 36.843975
-87.4416991 37.2123601
-82.473655 37.315379
-84.5014773 38.0387654
-83.259529 37.276105
-85.5830991 38.1275604
-84.4233757 38.7534697
-82.921572 37.349982
-83.230725 37.285609
-82.766107 37.720702
-82.374349 37.659544
-84.2293499 38.8818665
-84.001407 37.759086
-82.8676624 37.5629414
-84.4958071 39.0961514
-88.780747 36.681661
-84.659009 37.862428
-84.5376413 38.0964492
-85.296236 38.13905
-84.980926 37.15148
-82.649563 37.3460065
-86.038844 37.8519375
-84.6102213 38.8756194
-84.648281 38.94281
-85.280612 38.472912
-87.48669 36.8632665
-86.47252 36.651927
-82.5521079 37.5696518
-87.3094515 36.6481535
-84.860871 38.170592
-82.875593 38.563013
-82.5051083 37.5780187
-84.6952957 37.8492058
-84.094649 37.453088
-84.6839502 38.9619502
-84.492576 37.613602
-82.690438 37.759505
-85.7611202 38.2197739
-88.088271 36.507638
-83.5232041 36.7896008
-88.3439984 37.0422702
-85.7595353 38.2156929
-82.890688 38.745609
-82.8606353 36.9457864
-85.5631609 38.1935444
-83.90903 38.419803
-84.584371 36.9351
-83.0730251 36.9554569
-86.282427 36.713346
-85.11642 37.023958
-87.4456359 36.6575435
-85.836848 37.170658
-84.8726012 38.2004966
-84.548763 38.932742
-87.162888 37.235233
-85.96118 37.130548
-83.036186 37.338427
-83.5246133 37.2697164
-84.7579017 38.4891285
-83.342633 38.593978
-83.05807 36.979151
-84.5613215 39.084274
-87.4614166 36.6492859
-84.7317926 39.03184
-83.65515 37.799348
-84.550669 37.610831
-84.692321 38.9725477
-85.773184 38.264133
-84.611103 37.075912
-82.813947 38.56284
-88.6913384 37.0740816
-84.752454 38.720941
-85.840741 38.090103
-82.357902 37.6327182
-82.636711 37.181908
-85.8578623 38.105191
-82.3281992 37.3254299
-84.473488 37.953368
-85.586825 38.181691
-82.745237 37.39555
-84.9980816 38.2611187
-84.5234163 38.000391
-88.3476011 36.9605719
-82.252181 37.637532
-82.7796024 37.123873
-88.0007146 36.7939791
-84.9216625 38.5895449
-85.6253409 38.2382799
-84.6057661 39.0312363
-85.582861 38.289651
-85.1426578 36.6938086
-87.5085866 36.7405841
-84.318527 37.720101
-87.0596177 36.7480349
-84.4970594 39.0116599
-84.604032 37.102504
-84.620295 37.886952
-82.6979389 37.2684655
-82.5404474 37.3773527
-84.772566 38.489165
-85.0511769 36.9151239
-84.6211681 38.7531328
-84.644801 36.724588
-83.798859 37.467454
-84.6048469 37.9386103
-85.7897451 38.1780317
-82.5499909 37.5061135
-84.465653 37.641703
-83.111639 37.17793
-84.8239216 37.7508543
-87.891618 37.464051
-86.1492063 37.2015723
-88.3649079 36.8687841
-86.7928869 37.9618397
-87.90206 37.030914
-84.32511 38.415757
-85.6840156 38.2062911
-86.797998 37.992714
-85.5135555 38.2864523
-88.6582335 37.0697965
-87.659297 37.619828
-84.709556 38.044232
-84.2170157 37.5549186
-85.6200885 38.2510179
-82.915887 37.547507
-84.4615459 39.1082612
-89.1202406 36.9975557
-85.75683 38.2589985
-83.8096218 38.6279801
-85.7602928 38.2154419
-83.7480273 38.0984243
-84.7476197 38.055449
-85.885929 37.7453071
-84.399559 37.9813244
-84.760824 37.627381
-86.534455 37.479101
-83.102178 37.270776
-87.6256056 37.8092582
-85.666145 36.8732228
-84.567857 37.599791
-84.5634203 38.0836304
-82.7240048 37.6200736
-86.216974 37.139569
-84.5738765 38.0436978
-85.30131 37.214661
-84.460708 38.055654
-85.152835 38.353408
-82.3577982 37.6938219
-83.333609 36.905752
-82.5395889 37.5103246
-83.60206 38.359007
-85.897368 37.002526
-87.1124795 37.6210813
-85.404222 38.722191
-86.4279482 36.9329757
-88.1957264 36.9713674
-83.336837 37.131768
-83.910045 37.405567
-85.5503082 38.1765707
-83.6973165 38.4507026
-84.8079602 37.4716761
-89.181298 36.557745
-84.6057244 38.7929828
-82.740067 37.891906
-84.335566 37.165999
-88.3388421 36.7934034
-87.4798322 36.713224
-87.9782211 37.0136319
-84.343145 37.360721
-84.665952 37.749648
-87.712569 37.697196
-84.6355874 38.9012827
-84.7002622 39.0374052
-85.556147 38.309783
-87.198896 37.253423
-84.860104 37.361939
-82.4136356 37.3642683
-85.53807 37.810786
-84.6056027 36.9441112
-88.252033 36.573035
-88.302605 36.6026965
-83.091818 37.110298
-83.1614836 37.3496859
-84.660262 37.864005
-85.0729778 37.9551366
-83.241814 37.281397
-84.064413 38.225133
-82.708139 37.801997
-83.788152 37.842064
-85.377892 36.800177
-84.5042367 38.0376244
-85.443847 38.129207
-82.3635412 37.2951675
-84.355728 38.11957
-87.534226 37.8724002
-88.044283 37.101595
-83.832977 38.750399
-82.981918 36.978692
-85.8220535 38.2259354
-86.361201 37.674991
-85.005637 37.085325
-83.5367091 37.2450775
-86.450547 36.9851321
-86.277621 36.815128
-84.4715 38.045665
-83.206007 37.607298
-85.335072 38.296766
-84.764455 38.96323
-87.1553238 37.7219962
-86.8607203 36.8535732
-84.851718 36.8254078
-85.7278635 38.188501
-84.3636157 38.9948857
-83.586094 37.157633
-85.526842 38.167763
-84.684671 38.8337503
-87.527144 37.454536
-84.277035 38.176015
-84.937761 37.813934
-83.718442 36.602777
-87.0377273 37.742549
-86.42878 37.536292
-84.5741893 38.9908908
-84.5236014 38.2200819
-85.7206148 38.2329773
-85.813371 37.605745
-85.241248 38.206935
-83.915499 37.375613
-86.2544685 37.3058331
-84.475367 37.92542
-84.0597887 38.1230637
-85.9236514 37.7970169
-85.534986 38.1803788
-84.82228 36.967347
-88.630351 36.7448316
-84.261131 38.8864409
-84.51316 37.02238
-84.5772573 38.498052
-85.704604 38.254049
-85.676152 38.127795
-85.077532 38.296042
-84.7151415 38.9888104
-84.634466 36.946181
-82.707265 38.4403348
-83.860293 37.772528
-87.6282522 37.646008
-84.576004 37.066753
-82.848575 37.596555
-83.868238 37.322629
-83.04782 38.072055
-84.20089 37.37404
-85.3189609 38.5833614
-84.6553954 39.0695252
-84.57729 37.875965
-83.576045 36.823853
-84.5253031 39.0093981
-82.947097 38.343989
-85.869275 37.176175
-84.277738 38.9312789
-85.271031 37.507942
-85.4549289 36.6191703
-87.5873289 37.9760162
-84.6989611 38.9930951
-84.862863 37.258297
-84.255652 37.333792
-83.134278 37.207936
-84.5930756 38.9712231
-84.689704 37.633815
-83.493888 37.271618
-86.595159 37.286523
-85.9619699 36.579712
-84.559549 37.976877
-85.5958168 38.2988824
-85.365919 36.7869172
-85.5819168 38.2207285
-84.637498 37.180463
-85.8883285 38.0953551
-82.357334 37.5018532
-85.846259 36.880802
-88.6387973 36.7306543
-83.806691 37.370636
-83.081467 37.157032
-85.759631 38.2154274
-84.1298363 36.9178215
-82.5063009 37.5959658
-82.5229237 37.4715539
-86.128299 37.461241
-86.055122 37.381051
-83.2860303 37.1292247
-83.821505 38.43529
-88.6437995 36.73266
-85.032677 37.946097
-83.7662329 37.7402012
-84.450554 39.083203
-84.8647209 39.0638219
-84.7337626 39.1159155
-85.460714 37.777281
-87.80607 36.657455
-84.9454909 37.6436874
-84.496039 38.331127
-84.7181242 38.9859054
-85.505456 37.746533
-83.155597 37.312357
-86.4506945 37.9022413
-85.270881 37.508021
-84.57118 37.23734
-84.6486721 38.8644489
-84.648034 37.847756
-83.267826 38.4457875
-85.709366 38.157012
-87.494504 37.303814
-83.841026 38.437624
-84.573 37.8736031
-85.75303 37.655221
-83.763822 37.760959
-82.5447511 37.4486784
-85.7512918 38.257728
-88.6437497 37.0870349
-82.98062 37.360326
-85.12011 38.610651
-84.7035034 39.0105513
-83.69122 38.360884
-82.702907 37.1497983
-83.368538 36.891576
-88.7400452 37.0743251
-84.0903952 37.8874273
-86.8838791 36.849723
-85.1673916 38.4669872
-84.443337 38.280092
-84.38265 38.242577
-84.277324 38.393037
-84.8785942 38.1938143
-84.3393858 38.4805111
-82.2696596 37.6621807
-83.268493 37.070599
-84.094796 37.134746
-84.3156849 38.967763
-85.5997305 37.188562
-84.209971 37.543012
-85.8396035 37.1665887
-87.0775874 37.7116826
-85.8366 36.948027
-83.007456 37.435805
-84.032401 37.32948
-85.554832 38.194124
-84.509641 38.0507965
-85.638092 38.270979
-83.289568 37.092651
-83.6682036 37.7083687
-83.115664 37.135455
-84.173695 38.533994
-89.0427466 36.7247111
-84.6369652 39.0205028
-83.97625 37.513384
-85.904893 37.18255
-85.465678 37.808878
-84.5714257 38.9574131
-84.768421 37.87575
-85.5661993 38.2320462
-83.577884 38.390691
-87.583036 37.816839
-87.585551 37.304501
-87.1374258 37.7503166
-82.2684532 37.4474497
-82.941084 38.559411
-84.572302 38.9367486
-87.868861 37.632004
-85.6430547 38.2249026
-82.47773 37.4310546
-87.4908357 36.8101758
-87.3447436 36.7744855
-85.4418597 38.252307
-89.0727604 36.4934567
-84.2719039 37.8308797
-85.0067733 38.219017
-83.012252 36.9583342
-86.455059 37.781083
-84.613945 38.998408
-85.6417964 38.0885522
-84.461228 38.486513
-84.6795649 38.158479
-84.8353684 38.5247787
-83.8577044 36.6302364
-82.628548 37.656455
-83.91468 38.32384
-83.854661 37.857089
-84.59775 37.817459
-85.888324 37.263191
-84.7637576 38.2166255
-84.5168362 38.1471306
-83.074097 37.156494
-84.673861 38.957088
-85.5519282 38.1882846
-87.1501074 37.7415083
-86.649658 36.952668
-87.4737304 36.8329951
-82.5712703 37.5220207
-85.0884131 36.6215343
-85.679138 38.202706
-84.6399219 37.8886922
-84.542826 37.323806
-83.758338 38.409496
-85.2738 37.50535
-87.4699876 36.8961214
-84.373413 37.724747
-88.307094 36.6188
-83.940221 38.185777
-83.8533775 36.631496
-85.3236887 38.6110832
-82.919743 37.387902
-84.086463 37.021192
-86.4537335 36.9115391
-83.810159 36.735069
-82.6031828 37.5200248
-84.733986 38.137844
-85.5311074 37.6668008
-84.1535909 36.7693628
-84.906067 38.676853
-83.781081 37.791173
-83.998503 37.0802886
-85.568563 38.188385
-82.3038541 37.6721258
-83.11337 37.987296
-86.858735 36.722759
-85.052164 38.704724
-88.111828 36.599959
-86.016324 36.846464
-85.618749 38.2121942
-84.473468 38.057341
-82.888636 37.926133
-83.6246143 37.7373681
-85.7416864 38.2604091
-83.172398 37.232104
-82.218821 37.3633331
-82.176653 37.62104
-84.2640736 38.8859034
-83.054822 37.22477
-84.5184643 37.9635029
-82.645533 37.5724874
-83.3764639 38.273807
-86.396442 37.661078
-85.214294 38.601129
-84.5689907 38.0257138
-84.8237376 37.7506942
-84.029015 38.150716
-85.7610152 38.2144104
-82.4684148 37.4055762
-84.430139 36.751818
-84.266756 38.367475
-83.011782 37.197138
-84.610617 36.939061
-82.641522 37.176175
-87.8373 36.86784
-85.33848 37.537677
-87.923263 37.462158
-84.952478 38.109509
-84.560101 37.910176
-85.5651306 38.2674553
-87.47381 37.4887
-88.5975908 36.7156626
-85.592889 38.3173243
-85.692505 38.358189
-82.264235 37.5658763
-84.704393 36.830439
-83.108484 37.329238
-84.508614 39.0874117
-82.5552931 37.5185235
-84.249539 37.6689776
-82.628677 37.3376644
-84.6671947 38.9615319
-85.5434157 38.2392868
-85.4081197 38.1444392
-84.538027 39.063159
-83.255302 37.245289
-86.801867 37.258023
-84.6575024 38.9491533
-84.2676792 37.5884442
-83.718616 36.796522
-83.86363 37.413348
-85.11986 38.649615
-85.7621713 38.2168254
-82.4351337 37.3933346
-88.5979652 36.7133348
-83.381794 37.253908
-82.6973552 38.4461188
-85.5846915 37.244505
-84.45845 39.015639
-82.3662485 37.5214818
-82.672415 37.846747
-84.8245254 37.7498788
-85.7186468 38.2214092
-82.5417609 38.0521537
-84.558441 38.788835
-87.488419 37.448545
-89.5108212 36.5055468
-88.6374229 37.0834979
-84.874327 37.012542
-85.811747 38.154255
-89.071716 36.857463
-82.1911871 37.4416074
-84.7820952 39.0846215
-85.7529247 38.216155
-84.033262 38.288203
-85.7417744 38.1958763
-84.378085 36.988788
-85.5963324 38.2126699
-82.480899 37.923352
-83.235107 37.296947
-82.2497752 37.4676086
-84.862056 37.485365
-84.4935365 38.0512528
-83.25222 37.296017
-83.946434 37.411123
-82.7782457 37.1247783
-83.00727 38.730918
-84.773318 36.849861
-85.021197 37.401594
-85.5517999 38.3118021
-82.7382363 37.6281514
-83.908057 37.403496
-83.729179 36.748316
-84.601877 38.827172
-86.749241 36.684696
-84.693347 38.975374
-85.172011 37.474667
-85.5968059 38.314191
-83.452627 37.262276
-83.620582 37.8096038
-85.5257801 38.2859864
-82.5367496 37.5000856
-84.5756565 39.0645878
-84.632986 37.28933
-84.444634 39.025031
-82.7542936 38.3669458
-83.287701 37.095639
-83.747291 36.598069
-85.373072 37.844339
-86.569534 37.079237
-84.199806 38.761486
-84.6302805 37.218809
-86.189495 36.847403
-88.820754 37.015001
-83.329808 37.867565
-84.9039 36.840727
-83.029066 37.137504
-83.992169 38.365846
-84.4936993 39.011534
-84.915769 37.196079
-84.6896069 38.9719215
-84.282912 38.1806997
-85.6191998 38.2527931
-83.240976 37.037287
-86.471774 37.715149
-84.5031717 38.0317538
-84.4808007 39.0245364
-84.4997219 39.099205
-85.5467196 38.1891367
-85.051997 37.09813
-83.928871 36.629005
-88.7269323 36.9466453
-84.4351689 38.0535624
-83.812539 38.6961681
-85.5742271 38.3005935
-83.603399 38.669371
-87.1607807 36.7982766
-82.958232 38.617159
-85.225052 38.577562
-85.825487 38.208352
-86.4598967 36.908643
-84.45205 37.985315
-84.4676472 38.0592017
-87.6571439 37.8118548
-84.6016675 38.1720074
-82.3599168 37.6239886
-84.5240508 38.0342066
-83.0614255 37.5246403
-84.447413 37.892045
-85.5455663 38.1923621
-84.713812 38.196704
-83.9389012 38.1956437
-86.2099029 37.4967719
-84.5479337 38.0876495
-82.556942 37.2118033
-82.1624255 37.5379063
-83.918774 37.812757
-84.798321 37.688462
-88.38249 37.009586
-84.5538472 39.0477114
-82.5638301 38.098905
-89.2668889 36.5285022
-87.1822031 37.771844
-85.617493 38.374565
-82.700773 38.413849
-84.447091 39.0763431
-84.859666 38.21293
-85.934665 37.879882
-82.5269188 37.4853358
-85.646279 37.928118
-85.427921 38.04887
-84.6580603 38.9483043
-85.561016 37.790199
-86.193387 37.343226
-85.581847 38.381992
-87.219077 37.1573
-85.101297 37.08389
-85.339126 38.357118
-88.062194 36.775455
-88.319262 36.67939
-84.8520991 38.7392215
-85.309133 36.693002
-83.393758 37.102331
-83.6223431 37.8166466
-83.6448061 38.5710341
-83.138206 38.234102
-84.5480848 38.9526254
-84.6162614 37.9224992
-83.189855 37.809319
-86.1322049 37.2060568
-84.9069623 38.0317188
-86.538489 37.4101378
-84.665861 38.967927
-82.6370285 37.4624749
-83.588804 37.727414
-84.503547 39.069777
-88.6567119 36.7419586
-84.996387 37.307658
-84.598364 37.917224
-84.872296 37.914141
-84.949164 37.749843
-88.6363671 37.064142
-85.06814 37.46927
-85.5017494 38.2394729
-84.853269 37.052813
-86.731036 37.5661628
-84.6698165 38.9299541
-83.179461 37.022105
-88.038953 37.409103
-88.487454 36.628093
-83.805912 38.306671
-86.85565 36.6625634
-84.3979993 38.020235
-84.829269 38.209547
-83.671777 38.414857
-84.57692 39.003461
-85.6780946 38.0529924
-83.5559404 36.9248772
-86.2934306 37.4800926
-84.9691805 36.6801673
-85.563095 38.274216
-82.8185443 37.4606532
-83.756586 38.46692
